0.010000
0.009000
0.009000
0.011000
0.009000
0.010000
0.009000
0.010000
0.010000
0.010000
0.009000
0.010000
0.009000
0.010000
0.010000
0.010000
0.009000
0.010000
0.010000
0.011000
0.011000
0.010000
0.010000
0.009000
0.010000
0.010000
0.010000
0.016000
0.036000
0.010000
0.010000
0.009000
0.010000
0.045000
0.011000
0.009000
0.010000
0.010000
0.009000
0.010000
0.010000
0.010000
0.010000
0.010000
0.009000
0.010000
0.010000
0.011000
0.010000
0.011000
0.009000
0.009000
0.010000
0.010000
0.009000
0.009000
0.011000
0.009000
0.010000
0.009000
0.010000
0.010000
0.011000
0.009000
0.010000
0.010000
0.010000
0.011000
0.010000
0.010000
0.010000
0.011000
0.010000
0.010000
0.010000
0.010000
0.010000
0.009000
0.008000
0.010000
0.009000
0.009000
0.010000
0.011000
0.010000
0.011000
0.010000
0.010000
0.010000
0.010000
0.009000
0.010000
0.010000
0.010000
0.010000
0.011000
0.010000
0.010000
0.011000
0.009000
