0.013000
0.013000
0.016000
0.012000
0.012000
0.016000
0.012000
0.011000
0.015000
0.011000
0.012000
0.015000
0.012000
0.012000
0.011000
0.012000
0.012000
0.012000
0.012000
0.012000
0.011000
0.014000
0.011000
0.011000
0.013000
0.015000
0.012000
0.012000
0.015000
0.013000
0.011000
0.016000
0.012000
0.012000
0.018000
0.012000
0.012000
0.015000
0.012000
0.012000
0.016000
0.012000
0.012000
0.016000
0.012000
0.013000
0.012000
0.012000
0.012000
0.012000
0.013000
0.012000
0.012000
0.011000
0.011000
0.012000
0.013000
0.016000
0.012000
0.012000
0.015000
0.013000
0.012000
0.015000
0.012000
0.012000
0.015000
0.012000
0.012000
0.019000
0.011000
0.012000
0.016000
0.012000
0.012000
0.015000
0.012000
0.013000
0.012000
0.012000
0.012000
0.012000
0.012000
0.012000
0.012000
0.011000
0.012000
0.083000
0.012000
0.015000
0.012000
0.011000
0.034000
0.012000
0.011000
0.015000
0.012000
0.012000
0.016000
0.012000
