0.011000
0.010000
0.012000
0.011000
0.010000
0.028000
0.012000
0.010000
0.010000
0.011000
0.011000
0.029000
0.010000
0.010000
0.011000
0.011000
0.011000
0.027000
0.011000
0.010000
0.011000
0.010000
0.011000
0.076000
0.011000
0.010000
0.011000
0.012000
0.013000
0.011000
0.012000
0.011000
0.011000
0.010000
0.012000
0.012000
0.011000
0.011000
0.010000
0.012000
0.011000
0.010000
0.012000
0.012000
0.011000
0.011000
0.011000
0.010000
0.011000
0.010000
0.011000
0.011000
0.012000
0.011000
0.010000
0.010000
0.011000
0.010000
0.010000
0.011000
0.011000
0.051000
0.010000
0.012000
0.010000
0.012000
0.070000
0.009000
0.010000
0.012000
0.010000
0.011000
0.011000
0.011000
0.012000
0.011000
0.010000
0.010000
0.012000
0.010000
0.012000
0.012000
0.012000
0.011000
0.013000
0.011000
0.011000
0.011000
0.010000
0.012000
0.010000
0.011000
0.012000
0.011000
0.010000
0.026000
0.011000
0.011000
0.010000
0.010000
