0.014000
0.012000
0.014000
0.014000
0.014000
0.013000
0.013000
0.014000
0.014000
0.014000
0.013000
0.015000
0.014000
0.014000
0.014000
0.013000
0.014000
0.014000
0.015000
0.013000
0.014000
0.062000
0.013000
0.014000
0.060000
0.016000
0.013000
0.017000
0.013000
0.032000
0.013000
0.014000
0.015000
0.015000
0.014000
0.013000
0.014000
0.014000
0.015000
0.014000
0.014000
0.015000
0.015000
0.014000
0.014000
0.014000
0.013000
0.014000
0.014000
0.015000
0.013000
0.015000
0.014000
0.014000
0.015000
0.012000
0.014000
0.014000
0.015000
0.015000
0.014000
0.015000
0.016000
0.014000
0.014000
0.014000
0.014000
0.016000
0.015000
0.013000
0.014000
0.013000
0.013000
0.015000
0.014000
0.014000
0.015000
0.013000
0.014000
0.013000
0.014000
0.014000
0.015000
0.014000
0.013000
0.014000
0.013000
0.014000
0.013000
0.014000
0.013000
0.013000
0.014000
0.015000
0.013000
0.014000
0.014000
0.015000
0.032000
0.014000
