0.014000
0.029000
0.013000
0.013000
0.013000
0.012000
0.023000
0.022000
0.025000
0.018000
0.070000
0.013000
0.013000
0.076000
0.024000
0.013000
0.012000
0.023000
0.019000
0.025000
0.015000
0.014000
0.023000
0.013000
0.015000
0.015000
0.015000
0.016000
0.016000
0.017000
0.013000
0.016000
0.015000
0.013000
0.016000
0.014000
0.019000
0.016000
0.013000
0.014000
0.016000
0.015000
0.028000
0.017000
0.014000
0.016000
0.014000
0.023000
0.014000
0.014000
0.017000
0.013000
0.014000
0.012000
0.013000
0.013000
0.015000
0.013000
0.012000
0.013000
0.013000
0.012000
0.013000
0.012000
0.012000
0.012000
0.013000
0.013000
0.013000
0.012000
0.013000
0.012000
0.012000
0.013000
0.013000
0.013000
0.012000
0.013000
0.012000
0.013000
0.012000
0.012000
0.013000
0.014000
0.012000
0.013000
0.012000
0.012000
0.013000
0.013000
0.013000
0.013000
0.021000
0.019000
0.019000
0.013000
0.013000
0.012000
0.013000
0.015000
