0.038000
0.014000
0.013000
0.013000
0.013000
0.013000
0.013000
0.013000
0.014000
0.014000
0.013000
0.013000
0.014000
0.013000
0.014000
0.014000
0.027000
0.014000
0.023000
0.035000
0.026000
0.030000
0.042000
0.042000
0.049000
0.013000
0.014000
0.013000
0.023000
0.020000
0.020000
0.013000
0.013000
0.013000
0.015000
0.016000
0.025000
0.014000
0.014000
0.015000
0.015000
0.016000
0.043000
0.038000
0.017000
0.021000
0.016000
0.019000
0.016000
0.033000
0.016000
0.018000
0.032000
0.017000
0.016000
0.015000
0.017000
0.067000
0.014000
0.013000
0.013000
0.013000
0.014000
0.014000
0.013000
0.016000
0.013000
0.013000
0.013000
0.014000
0.014000
0.013000
0.013000
0.017000
0.013000
0.013000
0.013000
0.013000
0.013000
0.013000
0.013000
0.016000
0.012000
0.012000
0.013000
0.012000
0.012000
0.012000
0.012000
0.013000
0.013000
0.013000
0.013000
0.012000
0.012000
0.023000
0.014000
0.014000
0.015000
0.014000
