0.013000
0.012000
0.072000
0.012000
0.012000
0.012000
0.011000
0.012000
0.012000
0.012000
0.012000
0.013000
0.012000
0.012000
0.012000
0.012000
0.012000
0.012000
0.012000
0.012000
0.014000
0.012000
0.012000
0.012000
0.012000
0.012000
0.012000
0.012000
0.013000
0.041000
0.012000
0.012000
0.013000
0.012000
0.012000
0.012000
0.012000
0.012000
0.012000
0.013000
0.012000
0.012000
0.013000
0.012000
0.012000
0.011000
0.012000
0.014000
0.012000
0.012000
0.012000
0.012000
0.012000
0.012000
0.011000
0.012000
0.012000
0.012000
0.012000
0.012000
0.011000
0.012000
0.013000
0.012000
0.012000
0.012000
0.030000
0.014000
0.014000
0.013000
0.013000
0.013000
0.027000
0.014000
0.014000
0.013000
0.013000
0.013000
0.013000
0.013000
0.025000
0.013000
0.013000
0.014000
0.013000
0.013000
0.014000
0.023000
0.018000
0.026000
0.015000
0.018000
0.015000
0.016000
0.015000
0.016000
0.014000
0.013000
0.013000
0.014000
