0.019000
0.015000
0.013000
0.013000
0.013000
0.013000
0.012000
0.013000
0.016000
0.013000
0.013000
0.013000
0.013000
0.013000
0.013000
0.013000
0.013000
0.017000
0.035000
0.058000
0.029000
0.049000
0.028000
0.051000
0.022000
0.017000
0.013000
0.013000
0.013000
0.020000
0.019000
0.019000
0.013000
0.013000
0.021000
0.025000
0.026000
0.029000
0.015000
0.029000
0.016000
0.015000
0.025000
0.070000
0.023000
0.083000
0.017000
0.016000
0.016000
0.018000
0.016000
0.030000
0.016000
0.033000
0.015000
0.014000
0.017000
0.015000
0.014000
0.013000
0.013000
0.013000
0.013000
0.013000
0.013000
0.013000
0.013000
0.013000
0.013000
0.021000
0.013000
0.013000
0.013000
0.013000
0.013000
0.012000
0.013000
0.013000
0.013000
0.013000
0.013000
0.019000
0.013000
0.012000
0.012000
0.012000
0.011000
0.012000
0.012000
0.011000
0.019000
0.013000
0.012000
0.013000
0.012000
0.015000
0.014000
0.015000
0.015000
0.014000
