0.072000
0.067000
0.059000
0.059000
0.059000
0.058000
0.058000
0.059000
0.058000
0.058000
0.058000
0.059000
0.058000
0.058000
0.059000
0.059000
0.059000
0.059000
0.076000
0.066000
0.059000
0.059000
0.059000
0.059000
0.058000
0.059000
0.058000
0.059000
0.059000
0.058000
0.058000
0.059000
0.058000
0.121000
0.058000
0.059000
0.059000
0.059000
0.059000
0.059000
0.058000
0.060000
0.058000
0.059000
0.058000
0.059000
0.059000
0.059000
0.060000
0.059000
0.059000
0.058000
0.058000
0.059000
0.062000
0.059000
0.059000
0.060000
0.058000
0.059000
0.058000
0.058000
0.059000
0.058000
0.058000
0.059000
0.059000
0.058000
0.058000
0.059000
0.059000
0.058000
0.078000
0.059000
0.058000
0.059000
0.058000
0.059000
0.059000
0.059000
0.058000
0.058000
0.059000
0.058000
0.058000
0.059000
0.059000
0.059000
0.058000
0.059000
0.058000
0.059000
0.059000
0.059000
0.058000
0.059000
0.059000
0.059000
0.058000
0.059000
