0.005000
0.004000
0.005000
0.004000
0.005000
0.003000
0.003000
0.003000
0.004000
0.004000
0.003000
0.003000
0.003000
0.004000
0.003000
0.003000
0.003000
0.003000
0.003000
0.003000
0.004000
0.003000
0.003000
0.003000
0.003000
0.003000
0.003000
0.003000
0.003000
0.003000
0.003000
0.003000
0.003000
0.003000
0.003000
0.004000
0.003000
0.003000
0.003000
0.002000
0.003000
0.003000
0.003000
0.003000
0.003000
0.003000
0.003000
0.003000
0.004000
0.003000
0.004000
0.003000
0.003000
0.003000
0.004000
0.004000
0.003000
0.004000
0.003000
0.003000
0.003000
0.003000
0.023000
0.003000
0.003000
0.003000
0.003000
0.004000
0.003000
0.002000
0.003000
0.003000
0.068000
0.003000
0.003000
0.002000
0.003000
0.004000
0.003000
0.003000
0.003000
0.003000
0.003000
0.003000
0.003000
0.003000
0.003000
0.004000
0.003000
0.003000
0.003000
0.003000
0.003000
0.004000
0.004000
0.003000
0.003000
0.002000
0.004000
0.003000
