0.015000
0.014000
0.076000
0.012000
0.012000
0.011000
0.011000
0.011000
0.011000
0.012000
0.011000
0.011000
0.011000
0.012000
0.011000
0.012000
0.011000
0.011000
0.011000
0.013000
0.011000
0.011000
0.011000
0.014000
0.013000
0.012000
0.011000
0.013000
0.011000
0.012000
0.011000
0.011000
0.011000
0.010000
0.011000
0.011000
0.011000
0.011000
0.011000
0.012000
0.011000
0.011000
0.011000
0.011000
0.011000
0.010000
0.011000
0.013000
0.011000
0.011000
0.010000
0.013000
0.011000
0.010000
0.011000
0.012000
0.011000
0.011000
0.011000
0.011000
0.011000
0.011000
0.011000
0.010000
0.010000
0.011000
0.010000
0.011000
0.011000
0.012000
0.010000
0.011000
0.011000
0.010000
0.011000
0.011000
0.010000
0.011000
0.013000
0.010000
0.011000
0.011000
0.011000
0.013000
0.012000
0.011000
0.013000
0.011000
0.010000
0.013000
0.011000
0.012000
0.011000
0.011000
0.015000
0.013000
0.012000
0.013000
0.012000
0.012000
