0.161000
0.169000
0.168000
0.168000
0.168000
0.167000
0.168000
0.168000
0.168000
0.167000
0.168000
0.167000
0.168000
0.224000
0.167000
0.167000
0.189000
0.180000
0.167000
0.196000
0.168000
0.167000
0.211000
0.168000
0.169000
0.191000
0.167000
0.167000
0.195000
0.168000
0.167000
0.185000
0.167000
0.178000
0.230000
0.167000
0.167000
0.168000
0.167000
0.168000
0.167000
0.168000
0.167000
0.167000
0.168000
0.166000
0.178000
0.168000
0.200000
0.167000
0.168000
0.212000
0.167000
0.167000
0.167000
0.167000
0.167000
0.186000
0.167000
0.188000
0.167000
0.167000
0.187000
0.168000
0.167000
0.292000
0.168000
0.167000
0.167000
0.167000
0.167000
0.168000
0.166000
0.168000
0.168000
0.166000
0.167000
0.173000
0.167000
0.239000
0.178000
0.168000
0.212000
0.169000
0.168000
0.167000
0.167000
0.167000
0.270000
0.201000
0.167000
0.167000
0.166000
0.236000
0.169000
0.169000
0.215000
0.168000
0.168000
0.236000
