0.131000
0.123000
0.122000
0.121000
0.144000
0.121000
0.121000
0.120000
0.194000
0.120000
0.121000
0.122000
0.125000
0.121000
0.149000
0.120000
0.121000
0.120000
0.120000
0.121000
0.121000
0.120000
0.120000
0.120000
0.180000
0.122000
0.121000
0.144000
0.121000
0.120000
0.120000
0.121000
0.120000
0.121000
0.147000
0.120000
0.120000
0.121000
0.122000
0.121000
0.120000
0.142000
0.120000
0.121000
0.120000
0.122000
0.120000
0.120000
0.141000
0.120000
0.120000
0.119000
0.121000
0.120000
0.121000
0.165000
0.121000
0.121000
0.121000
0.141000
0.120000
0.120000
0.120000
0.121000
0.120000
0.143000
0.121000
0.119000
0.121000
0.121000
0.119000
0.120000
0.141000
0.120000
0.120000
0.120000
0.121000
0.121000
0.120000
0.163000
0.120000
0.120000
0.120000
0.120000
0.121000
0.119000
0.120000
0.120000
0.121000
0.168000
0.120000
0.121000
0.138000
0.121000
0.121000
0.120000
0.134000
0.121000
0.120000
0.146000
