0.124000
0.092000
0.091000
0.091000
0.093000
0.093000
0.110000
0.091000
0.091000
0.091000
0.113000
0.091000
0.090000
0.090000
0.090000
0.106000
0.091000
0.091000
0.090000
0.091000
0.091000
0.102000
0.113000
0.091000
0.090000
0.091000
0.109000
0.090000
0.091000
0.090000
0.091000
0.090000
0.090000
0.090000
0.090000
0.091000
0.091000
0.091000
0.090000
0.091000
0.090000
0.091000
0.091000
0.090000
0.092000
0.090000
0.090000
0.091000
0.090000
0.091000
0.149000
0.091000
0.091000
0.090000
0.108000
0.091000
0.091000
0.091000
0.091000
0.114000
0.090000
0.090000
0.091000
0.090000
0.090000
0.089000
0.091000
0.091000
0.091000
0.090000
0.090000
0.090000
0.090000
0.090000
0.090000
0.091000
0.091000
0.099000
0.091000
0.093000
0.245000
0.092000
0.091000
0.091000
0.091000
0.091000
0.090000
0.114000
0.119000
0.090000
0.091000
0.141000
0.091000
0.138000
0.170000
0.093000
0.090000
0.091000
0.091000
0.092000
