0.027000
0.031000
0.030000
0.029000
0.030000
0.029000
0.029000
0.029000
0.030000
0.029000
0.030000
0.029000
0.029000
0.029000
0.030000
0.030000
0.029000
0.029000
0.029000
0.030000
0.030000
0.029000
0.030000
0.029000
0.029000
0.029000
0.029000
0.029000
0.029000
0.029000
0.029000
0.030000
0.029000
0.029000
0.030000
0.029000
0.029000
0.029000
0.029000
0.028000
0.030000
0.029000
0.028000
0.029000
0.029000
0.029000
0.029000
0.050000
0.030000
0.029000
0.029000
0.029000
0.029000
0.029000
0.029000
0.029000
0.029000
0.029000
0.029000
0.029000
0.029000
0.029000
0.029000
0.029000
0.029000
0.029000
0.029000
0.047000
0.029000
0.047000
0.029000
0.029000
0.029000
0.029000
0.029000
0.029000
0.038000
0.029000
0.029000
0.029000
0.091000
0.029000
0.029000
0.029000
0.029000
0.029000
0.029000
0.029000
0.029000
0.029000
0.029000
0.029000
0.029000
0.029000
0.049000
0.029000
0.029000
0.029000
0.029000
0.029000
