0.012000
0.013000
0.012000
0.012000
0.014000
0.013000
0.013000
0.013000
0.013000
0.013000
0.013000
0.012000
0.013000
0.013000
0.012000
0.013000
0.014000
0.012000
0.012000
0.013000
0.013000
0.012000
0.013000
0.029000
0.013000
0.013000
0.013000
0.013000
0.013000
0.013000
0.012000
0.012000
0.017000
0.013000
0.013000
0.012000
0.012000
0.013000
0.012000
0.013000
0.012000
0.013000
0.013000
0.012000
0.012000
0.016000
0.017000
0.012000
0.013000
0.185000
0.013000
0.013000
0.011000
0.012000
0.013000
0.013000
0.013000
0.013000
0.012000
0.015000
0.016000
0.013000
0.013000
0.012000
0.012000
0.012000
0.012000
0.013000
0.016000
0.016000
0.015000
0.013000
0.012000
0.012000
0.012000
0.012000
0.013000
0.012000
0.012000
0.012000
0.012000
0.012000
0.013000
0.012000
0.012000
0.012000
0.012000
0.013000
0.013000
0.014000
0.013000
0.013000
0.013000
0.012000
0.013000
0.012000
0.014000
0.013000
0.013000
0.012000
