0.027000
0.026000
0.026000
0.035000
0.033000
0.032000
0.027000
0.027000
0.027000
0.028000
0.028000
0.027000
0.026000
0.027000
0.027000
0.026000
0.027000
0.028000
0.026000
0.026000
0.027000
0.026000
0.026000
0.026000
0.025000
0.119000
0.027000
0.026000
0.026000
0.026000
0.027000
0.026000
0.045000
0.026000
0.026000
0.026000
0.027000
0.026000
0.027000
0.027000
0.028000
0.027000
0.027000
0.026000
0.028000
0.027000
0.027000
0.026000
0.027000
0.028000
0.026000
0.027000
0.028000
0.026000
0.027000
0.027000
0.027000
0.026000
0.027000
0.027000
0.027000
0.077000
0.026000
0.024000
0.026000
0.027000
0.026000
0.025000
0.025000
0.026000
0.026000
0.027000
0.028000
0.026000
0.027000
0.026000
0.027000
0.028000
0.027000
0.027000
0.027000
0.027000
0.026000
0.027000
0.028000
0.027000
0.026000
0.028000
0.026000
0.026000
0.026000
0.026000
0.026000
0.025000
0.026000
0.027000
0.026000
0.024000
0.026000
0.027000
