0.059000
0.064000
0.057000
0.096000
0.047000
0.046000
0.048000
0.046000
0.043000
0.051000
0.065000
0.041000
0.038000
0.040000
0.038000
0.039000
0.037000
0.039000
0.041000
0.038000
0.039000
0.039000
0.056000
0.039000
0.049000
0.050000
0.070000
0.132000
0.079000
0.080000
0.080000
0.072000
0.064000
0.066000
0.064000
0.058000
0.104000
0.056000
0.091000
0.045000
0.047000
0.069000
0.047000
0.046000
0.111000
0.064000
0.040000
0.038000
0.039000
0.040000
0.039000
0.060000
0.041000
0.037000
0.039000
0.065000
0.038000
0.037000
0.036000
0.037000
0.041000
0.039000
0.047000
0.039000
0.049000
0.045000
0.038000
0.062000
0.070000
0.063000
0.058000
0.056000
0.056000
0.055000
0.067000
0.081000
0.069000
0.071000
0.060000
0.067000
0.060000
0.053000
0.069000
0.052000
0.051000
0.052000
0.050000
0.066000
0.055000
0.038000
0.039000
0.038000
0.038000
0.042000
0.039000
0.038000
0.039000
0.037000
0.041000
0.039000
