0.041000
0.042000
0.079000
0.062000
0.052000
0.060000
0.080000
0.066000
0.057000
0.033000
0.026000
0.025000
0.025000
0.027000
0.026000
0.026000
0.028000
0.026000
0.024000
0.026000
0.026000
0.024000
0.025000
0.026000
0.025000
0.025000
0.025000
0.082000
0.026000
0.025000
0.028000
0.032000
0.031000
0.028000
0.025000
0.025000
0.027000
0.026000
0.030000
0.074000
0.026000
0.025000
0.048000
0.025000
0.025000
0.026000
0.027000
0.025000
0.026000
0.028000
0.025000
0.018000
0.017000
0.018000
0.016000
0.019000
0.017000
0.017000
0.017000
0.017000
0.017000
0.020000
0.017000
0.017000
0.017000
0.016000
0.017000
0.018000
0.018000
0.018000
0.018000
0.018000
0.018000
0.018000
0.019000
0.017000
0.017000
0.017000
0.017000
0.017000
0.051000
0.105000
0.017000
0.017000
0.017000
0.017000
0.017000
0.019000
0.018000
0.018000
0.017000
0.017000
0.017000
0.018000
0.019000
0.017000
0.016000
0.017000
0.018000
0.016000
