0.063000
0.132000
0.070000
0.094000
0.099000
0.150000
0.080000
0.084000
0.119000
0.092000
0.089000
0.150000
0.073000
0.074000
0.073000
0.072000
0.070000
0.063000
0.060000
0.065000
0.062000
0.119000
0.063000
0.081000
0.083000
0.062000
0.059000
0.057000
0.133000
0.054000
0.052000
0.052000
0.055000
0.052000
0.052000
0.059000
0.071000
0.055000
0.078000
0.080000
0.082000
0.077000
0.077000
0.067000
0.093000
0.082000
0.083000
0.079000
0.077000
0.105000
0.077000
0.085000
0.073000
0.062000
0.064000
0.059000
0.071000
0.079000
0.057000
0.051000
0.052000
0.057000
0.053000
0.054000
0.053000
0.053000
0.052000
0.066000
0.062000
0.056000
0.053000
0.079000
0.072000
0.077000
0.137000
0.074000
0.137000
0.093000
0.090000
0.227000
0.082000
0.070000
0.078000
0.061000
0.060000
0.062000
0.062000
0.061000
0.062000
0.063000
0.062000
0.060000
0.063000
0.063000
0.062000
0.064000
0.064000
0.077000
0.080000
0.055000
