0.014000
0.015000
0.014000
0.024000
0.023000
0.015000
0.016000
0.016000
0.015000
0.016000
0.016000
0.016000
0.015000
0.015000
0.015000
0.016000
0.015000
0.017000
0.014000
0.015000
0.015000
0.013000
0.017000
0.015000
0.013000
0.015000
0.015000
0.013000
0.014000
0.014000
0.016000
0.015000
0.015000
0.015000
0.014000
0.015000
0.037000
0.015000
0.014000
0.016000
0.016000
0.015000
0.014000
0.015000
0.016000
0.014000
0.015000
0.014000
0.016000
0.016000
0.014000
0.016000
0.017000
0.015000
0.016000
0.016000
0.125000
0.014000
0.016000
0.015000
0.016000
0.015000
0.014000
0.014000
0.014000
0.015000
0.015000
0.015000
0.014000
0.015000
0.015000
0.077000
0.024000
0.014000
0.015000
0.015000
0.015000
0.016000
0.016000
0.016000
0.017000
0.015000
0.014000
0.016000
0.017000
0.016000
0.015000
0.016000
0.015000
0.015000
0.015000
0.015000
0.015000
0.014000
0.015000
0.015000
0.014000
0.014000
0.015000
0.014000
